-1.560476 -1.230177 0.5587083 -0.9294916 -0.8707123
0.715065 -0.5390838 -2.265061 -1.686853 -1.445662
0.2240818 -0.6401862 -0.5992285 -0.8893173 -1.555841
0.7869131 -0.5021495 -2.966617 -0.2986441 -1.472791
-2.067824 -1.217975 -2.026004 -1.728891 -1.625039
-2.686693 -0.162213 -0.8466269 -2.138137 0.2538149
-0.5735358 -1.295071 -0.1048743 -0.1218665 -0.1784189
-0.3113597 -0.4460823 -1.061912 -1.305963 -1.380471
-1.694707 -1.207917 -2.265396 1.168956 0.207962
-2.123109 -1.402885 -1.466655 -0.2200349 -1.083369
-0.7466815 -1.028547 -1.04287 0.3686023 -1.225771
0.5164706 -2.548753 -0.4153863 -0.8761458 -0.7840584
-0.6203605 -1.502323 -1.333207 -2.018575 -2.071791
-0.6964714 -0.5517902 -0.9469958 -0.07773253 1.050085
-1.491031 -3.309169 0.005738524 -1.709201 -1.688009
0.02557137 -1.284773 -2.220718 -0.8186965 -1.138891
-0.9942358 -0.6147196 -1.37066 -0.3556235 -1.220487
-0.668218 0.09683901 -0.5648185 -1.325932 0.1488076
-0.006496144 -0.451603 -0.7612683 -1.627906 0.3606524
-1.60026 1.187333 0.5326106 -1.2357 -2.026421
0.2895934 1.256884 0.7533081 0.6524574 0.04838143
0.9549723 0.2150955 -0.6679419 0.6197735 1.918997
0.424653 1.607964 -0.6178827 0.944438 1.519407
1.301153 1.105676 0.359294 0.1502957 -0.02412879
1.117647 0.05252539 0.5094426 0.7439078 2.843862
0.3480501 1.235387 1.077961 0.03814337 0.9286919
2.444551 1.451504 1.041233 0.5775032 -1.053247
2.131337 -0.4606401 1.739948 2.909104 -0.4438932
1.701784 0.7378025 -0.5721442 -0.5146677 -0.6015362
0.4690935 -0.4617556 1.687917 3.100109 -0.2870305
1.787739 1.769042 1.332203 -0.008376608 0.8805474
0.7196047 1.56299 0.6275612 1.976973 0.6254191
2.052711 -0.04917701 -0.2601552 4.24104 0.5831424
1.298228 1.63657 0.5162194 1.516862 1.368965
0.7846195 1.065293 0.9659327 3.128452 0.2586639
-0.09599627 1.037788 1.310481 1.436523 0.5416347
-0.06332613 2.263185 0.6503496 0.1344871 0.7637204
0.8028241 2.10992 1.084737 1.754054 0.500708
1.214445 0.6753141 1.094584 0.1046366 -0.3108015
2.997213 1.600709 -0.2512714 0.3888341 -0.1854801
5.19881 4.312413 2.734855 3.543194 2.58566
2.523753 2.211397 2.405383 4.650907 2.945972
3.119245 3.243687 4.232476 2.483936 2.007493
4.675697 2.558837 2.276934 1.763727 1.715284
2.426027 3.617986 4.109848 3.707588 2.636343
3.05975 2.295404 2.282782 3.88465 1.984407
4.955294 2.90968 3.214539 2.261472 2.425611
1.682984 2.817075 3.418982 3.324304 2.218464
2.211378 2.497801 4.496061 1.862696 2.820948
4.902362 2.899025 1.640159 2.335231 3.48546
2.624397 2.438124 2.656083 3.090497 4.598509
2.911435 4.080799 3.630754 2.88636 1.467098
2.478883 2.51013 3.047154 4.300199 5.293079
4.547581 2.866849 1.243473 2.61122 3.089207
3.845013 3.962528 3.684309 1.604726 3.849643
2.553443 3.174803 3.074551 3.428167 3.024675
1.332525 3.736496 3.386027 2.734348 3.118145
3.134039 3.221019 4.640846 2.78095 3.168065
4.168384 4.054181 4.145263 2.422532 5.002483
3.066701 4.866852 1.649097 3.020984 4.249915
